kode_kec,nama,link_dapo,link_sekolah_kita,last_sync,akreditasi,kurikulum,npsn,status,bentuk_pendidikan,status_kepemilikan,sk_pendirian_sekolah,tanggal_sk_pendirian,sk_izin_operasional,tanggal_sk_izin_operasional,kebutuhan_khusus_dilayani,nama_bank,cabang_kcp/unit,rekening_atas_nama,status_bos,waku_penyelenggaraan,sertifikasi_iso,sumber_listrik,daya_listrik,akses_internet,alamat,rt_/_rw,dusun,desa_/_kelurahan,kecamatan,kabupaten,provinsi,kode_pos,lintang,bujur,rombel,guru_kelas,guru_matematika,guru_bahasa_indonesia,guru_bahasa_inggris,guru_sejarah_indonesia,guru_pkn,guru_penjaskes,guru_agama_budi_pekerti,guru_seni_budaya,ptk_laki,ptk_perempuan,pegawai_laki,pegawai_perempuan,pd_kelas_1_laki,pd_kelas_1_perempuan,pd_kelas_2_laki,pd_kelas_2_perempuan,pd_kelas_3_laki,pd_kelas_3_perempuan,pd_kelas_4_laki,pd_kelas_4_perempuan,pd_kelas_5_laki,pd_kelas_5_perempuan,pd_kelas_6_laki,pd_kelas_6_perempuan,pd_kelas_7_laki,pd_kelas_7_perempuan,pd_kelas_8_laki,pd_kelas_8_perempuan,pd_kelas_9_laki,pd_kelas_9_perempuan,pd_kelas_10_laki,pd_kelas_10_perempuan,pd_kelas_11_laki,pd_kelas_11_perempuan,pd_kelas_12_laki,pd_kelas_12_perempuan,pd_kelas_13_laki,pd_kelas_13_perempuan,jumlah_kirim,ptk,pegawai,pd,pd_laki,pd_perempuan,before_ruang_kelas,after_ruang_kelas,before_ruang_perpus,after_ruang_perpus,before_ruang_lab,after_ruang_lab,before_ruang_praktik,after_ruang_praktik,before_ruang_pimpinan,after_ruang_pimpinan,before_ruang_guru,after_ruang_guru,before_ruang_ibadah,after_ruang_ibadah,before_ruang_uks,after_ruang_uks,before_toilet,after_toilet,before_gudang,after_gudang,before_ruang_sirkulasi,after_ruang_sirkulasi,before_tempat_bermain_olahraga,after_tempat_bermain_olahraga,before_ruang_tu,after_ruang_tu,before_ruang_konseling,after_ruang_konseling,before_ruang_osis,after_ruang_osis,before_bangunan,after_bangunan,identitas_valid,ptk_valid,pd_valid,prasarana_valid,total_valid,sekolah_id,semester_id,sumber_air,sumber_air_minum,kecukupan_air_bersih,jamban_kk,tipe_jamban,jml_hari_cuci_tangan,jml_wastafel,jml_wastafel_rusak,air_mengalir_wastafel,memiliki_drainase,menguras_tangki_septik
191511,TK HARAPAN,https://dapo.kemdikbud.go.id/sekolah/F60E4E9ED1279A1B5892,http://sekolah.data.kemdikbud.go.id/index.php/chome/profil/2142f26e-955d-49b7-a176-8e04885ade37,30 Jan 2023 16:32:39,,Kurikulum 2013,70000127,Swasta,TK,Yayasan,10,2018-03-28,069/145/PUD-NF.2/Disdikbud,2022-03-21,Tidak ada,BPD SULAWESI SELATAN,SIDENRENG RAPPANG,70000127 TK HARAPAN,Bersedia Menerima,Pagi,Belum Bersertifikat,Tidak Ada,450,Telkomsel Flash,Dusun II Lasilotang,1 / 1,Lasilottong,Mojong,Kec. Watang Sidenreng,Kab. Sidenreng Rappang,Prov. Sulawesi Selatan,91682,0,0,2,2,0,0,0,0,0,0,0,0,0,2,0,1,0,0,0,0,0,0,0,0,0,0,0,0,0,0,0,0,0,0,0,0,0,0,0,0,0,0,1,2,1,39,22,17,2,2,0,0,0,0,0,0,1,1,0,0,0,0,1,1,1,1,0,0,0,0,0,0,0,0,0,0,0,0,1,2,,,,,,,,,,,,,,,,,,
191511,TK PGRI NENE MALLOMO,https://dapo.kemdikbud.go.id/sekolah/FA9FFCC31B297E6EB118,http://sekolah.data.kemdikbud.go.id/index.php/chome/profil/63fb9f39-6f6e-42bf-a554-32944b855153,30 Jan 2023 15:57:00,B,Kurikulum 2013,40315155,Swasta,TK,Yayasan,017/REG/PD.II/SR/2000,2000-04-18,069/012.2/PAUD-NF.2/Disdikbud,2023-01-02,Tidak ada,BPD SULAWESI SELATAN,SIDENRENG RAPPANG,40315155 TK PGRI NENE MALLOMO,Bersedia Menerima,Pagi,Belum Bersertifikat,Lainnya,350,Telkomsel Flash,Jl. Soraja No. 17 Empagae,2 / 3,,Empagae,Kec. Watang Sidenreng,Kab. Sidenreng Rappang,Prov. Sulawesi Selatan,91682,-3,119,3,3,0,0,0,0,0,0,0,0,0,2,0,1,0,0,0,0,0,0,0,0,0,0,0,0,0,0,0,0,0,0,0,0,0,0,0,0,0,0,2,2,1,75,36,39,4,4,0,0,0,0,0,0,1,1,1,1,0,0,0,0,1,1,0,0,0,0,0,0,0,0,0,0,0,0,1,2,,,,,,,,,,,,,,,,,,
191511,TK PGRI WALATEDONG,https://dapo.kemdikbud.go.id/sekolah/0358318D85F5E455D9DF,http://sekolah.data.kemdikbud.go.id/index.php/chome/profil/d599be6b-3522-43ab-b7e6-52cd96a63db9,31 Jan 2023 19:39:48,B,Kurikulum 2013,40318516,Swasta,TK,Yayasan,785 TAHUN 2010,2010-09-07,069/2067/PLS.1/Disdik,2016-06-06,Tidak ada,BPD SULAWESI SELATAN,SIDENRENG RAPPANG,40318516 TK PGRI WALATEDONG,Bersedia Menerima,Pagi,Belum Bersertifikat,PLN,900,Telkomsel Flash,Jl. Nene Mallomo LK.II Walatedong,1 / 1,LK.II WALATEDONG,Sidenreng,Kec. Watang Sidenreng,Kab. Sidenreng Rappang,Prov. Sulawesi Selatan,91682,0,0,2,2,0,0,0,0,0,0,0,0,0,2,0,1,0,0,0,0,0,0,0,0,0,0,0,0,0,0,0,0,0,0,0,0,0,0,0,0,0,0,2,2,1,35,19,16,2,2,0,0,0,0,0,0,0,0,0,0,0,0,0,0,1,1,0,0,0,0,0,0,0,0,0,0,0,0,3,3,,,,,,,,,,,,,,,,,,
191511,TKS PGRI DESA DAMAI,https://dapo.kemdikbud.go.id/sekolah/D98B810E80B55C96285C,http://sekolah.data.kemdikbud.go.id/index.php/chome/profil/93fe1d0c-35eb-413b-8562-a748f513ddbd,07 Feb 2023 19:34:47,C,Kurikulum 2013,40318873,Swasta,TK,Yayasan,494 TAHUN 2009,2009-07-13,069/011.15/PAUD-NF.2/Disdikbud,2023-01-02,Tidak ada,BPD SULAWESI SELATAN,SIDENRENG RAPPANG,40318873 TKS PGRI DESA DAMAI,Bersedia Menerima,Pagi,Belum Bersertifikat,,450,Telkomsel Flash,Jl. Pendidikan,1 / 1,PASSITANGENG,Damai,Kec. Watang Sidenreng,Kab. Sidenreng Rappang,Prov. Sulawesi Selatan,91682,0,0,2,2,0,0,0,0,0,0,0,0,0,2,0,1,0,0,0,0,0,0,0,0,0,0,0,0,0,0,0,0,0,0,0,0,0,0,0,0,0,0,2,2,1,51,19,32,2,2,0,0,0,0,0,0,0,0,1,1,0,0,0,0,2,2,0,0,0,0,0,0,0,0,0,0,0,0,1,1,,,,,,,,,,,,,,,,,,
191511,TKS PGRI LOMPO BATTOA,https://dapo.kemdikbud.go.id/sekolah/A8618C662B6C0F068B88,http://sekolah.data.kemdikbud.go.id/index.php/chome/profil/150758d9-cb7f-4242-b9b6-542162861933,31 Jan 2023 11:24:57,B,Kurikulum 2013,40315151,Swasta,TK,Yayasan,075/SK/PD.II/1999/2000.05/08/2000,2000-08-05,069/402/PAUD-NF.2/Disdikbud,2020-01-24,Tidak ada,BPD SULAWESI SELATAN,SIDENRENG RAPPANG,40315151 TKS PGRI LOMPO BATTOA,Bersedia Menerima,Pagi,Belum Bersertifikat,PLN,450,Telkomsel Flash,JL. PENDIDIKAN,1 / 1,,EMPAGAE,Kec. Watang Sidenreng,Kab. Sidenreng Rappang,Prov. Sulawesi Selatan,91682,0,0,2,2,0,0,0,0,0,0,0,0,0,1,0,1,0,0,0,0,0,0,0,0,0,0,0,0,0,0,0,0,0,0,0,0,0,0,0,0,0,0,2,1,1,22,10,12,3,3,0,0,0,0,0,0,0,0,1,1,0,0,0,0,1,1,0,0,0,0,0,0,0,0,0,0,0,0,1,1,,,,,,,,,,,,,,,,,,
191511,TKS PGRI MOJONG,https://dapo.kemdikbud.go.id/sekolah/56D6ECE2D20E9CA0469A,http://sekolah.data.kemdikbud.go.id/index.php/chome/profil/450810cc-6f56-4a72-a620-0e41c39c70ae,26 Feb 2023 06:00:10,B,Kurikulum 2013,40315154,Swasta,TK,Yayasan,006/KEP/106.15/DS/2001,2001-05-29,069/011.1/PAUD-NF.2/Disdikbud,2023-01-02,Tidak ada,BPD SULAWESI SELATAN,SIDENRENG RAPPANG,40315154 TKS PGRI MOJONG,Bersedia Menerima,Pagi,Belum Bersertifikat,PLN,900,Smartfren,Jl. Sekolah,1 / 2,Dusun 1 Masing,Talumae,Kec. Watang Sidenreng,Kab. Sidenreng Rappang,Prov. Sulawesi Selatan,91682,0,0,5,5,0,0,0,0,0,0,0,0,0,5,0,0,0,0,0,0,0,0,0,0,0,0,0,0,0,0,0,0,0,0,0,0,0,0,0,0,0,0,6,5,0,116,62,54,5,5,0,0,0,0,0,0,1,1,1,1,0,0,0,0,2,2,0,0,0,0,0,0,0,0,0,0,0,0,3,3,,,,,,,,,,,,,,,,,,
191511,KB SEJAHTERA MANDIRI,https://dapo.kemdikbud.go.id/sekolah/535102A2962B340FDDAB,http://sekolah.data.kemdikbud.go.id/index.php/chome/profil/2e0df818-6dc1-44dc-bf5f-23fa517a3e9d,29 Jan 2023 16:32:39,,Kurikulum 2013,69965133,Swasta,KB,Yayasan,14,2012-06-07,069/1299/PLS.1/Disdik,2016-04-21,Tidak ada,BPD SULAWESI SELATAN,SIDENRENG RAPPANG,69965133 KB SEJAHTERA MANDIRI,Bersedia Menerima,Pagi,Belum Bersertifikat,,450,Telkomsel Flash,Jl. Poros Pare Sengkang,1 / 2,,Sidenreng,Kec. Watang Sidenreng,Kab. Sidenreng Rappang,Prov. Sulawesi Selatan,91651,0,0,2,2,0,0,0,0,0,0,0,0,0,2,1,0,0,0,0,0,0,0,0,0,0,0,0,0,0,0,0,0,0,0,0,0,0,0,0,0,0,0,3,2,1,56,27,29,2,2,0,0,0,0,0,0,0,0,0,0,0,0,0,0,1,1,0,0,0,0,0,0,0,0,0,0,0,0,1,1,,,,,,,,,,,,,,,,,,
191511,KB SIDENRENG,https://dapo.kemdikbud.go.id/sekolah/1F9C731D437732F4ABE3,http://sekolah.data.kemdikbud.go.id/index.php/chome/profil/15418363-3b8f-4a2b-b90b-1168260793e4,22 Feb 2023 19:42:16,,Kurikulum 2013,69874184,Swasta,KB,Yayasan,001/KB-SDR/II/2012,2012-02-07,069/474.a//PAUD-NF.2/Disdikbud,2022-01-26,Tidak ada,BPD SULAWESI SELATAN,SIDENRENG RAPPANG,69874184 KB SIDENRENG,Bersedia Menerima,Sehari penuh (5 h/m),Belum Bersertifikat,,450,Tidak Ada,Kanyuara,3 / 1,Kanyuara,Kanyuara,Kec. Watang Sidenreng,Kab. Sidenreng Rappang,Prov. Sulawesi Selatan,91682,-3,119,2,2,0,0,0,0,0,0,0,0,0,2,0,1,0,0,0,0,0,0,0,0,0,0,0,0,0,0,0,0,0,0,0,0,0,0,0,0,0,0,4,2,1,54,33,21,2,2,0,0,0,0,0,0,1,1,0,0,0,0,0,0,2,2,0,0,0,0,0,0,0,0,0,0,0,0,1,1,,,,,,,,,,,,,,,,,,
191511,TPK CAHAYA MUDA,https://dapo.kemdikbud.go.id/sekolah/3C456F4AF6B790D8FC17,http://sekolah.data.kemdikbud.go.id/index.php/chome/profil/82adde91-12fa-4261-9088-839298966889,16 Feb 2023 11:00:13,,Kurikulum 2013,69874189,Swasta,KB,Lainnya,,,069/1732/PLS.1/DISDIK,,Tidak ada,BPD SULAWESI SELATAN,SIDENRENG RAPPANG,69874189 TPK CAHAYA MUDA,Bersedia Menerima,Pagi,Belum Bersertifikat,PLN,900,Smartfren,DAMAI,1 / 1,passitangeng,DAMAI,Kec. Watang Sidenreng,Kab. Sidenreng Rappang,Prov. Sulawesi Selatan,91286,0,0,2,2,0,0,0,0,0,0,0,0,0,2,0,1,0,0,0,0,0,0,0,0,0,0,0,0,0,0,0,0,0,0,0,0,0,0,0,0,0,0,2,2,1,51,27,24,1,1,0,0,0,0,0,0,1,1,0,0,0,0,0,0,1,1,1,1,0,0,0,0,0,0,0,0,0,0,1,1,,,,,,,,,,,,,,,,,,
191511,TPK NURHAFIAH,https://dapo.kemdikbud.go.id/sekolah/163D44CA9212BCEFFB35,http://sekolah.data.kemdikbud.go.id/index.php/chome/profil/779d1f24-db95-4870-a8f6-f60ee700b498,,,,69874188,Swasta,KB,Lainnya,,,069/1524/PLS.1/DISDIK,,Tidak ada,BANK SULSELBAR,SIDRAP,KB NURHAFIAH,,,,,,,SALO BOMPONG,2 / 1,Dusun II Salobompong,DAMAI,Kec. Watang Sidenreng,Kab. Sidenreng Rappang,Prov. Sulawesi Selatan,91613,-5,114,0,0,0,0,0,0,0,0,0,0,0,0,0,0,0,0,0,0,0,0,0,0,0,0,0,0,0,0,0,0,0,0,0,0,0,0,0,0,0,0,0,0,0,0,0,0,0,0,0,0,0,0,0,0,0,0,0,0,0,0,0,0,0,0,0,0,0,0,0,0,0,0,0,0,0,0,1,1,,,,,,,,,,,,,,,,,,
191511,TPK PADAIDI,https://dapo.kemdikbud.go.id/sekolah/FFE06AF05CFAB8752603,http://sekolah.data.kemdikbud.go.id/index.php/chome/profil/b6479207-d9cf-45cb-8042-fa74b386cce9,,,,69874190,Swasta,KB,Yayasan,,,069/1721/PLS.1/DISDIK,,Tidak ada,SULSELBAR,SIDRAP,TPK PADAIDI,,,,,,,TALAWE,1 / 1,cappa batae,TALAWE,Kec. Watang Sidenreng,Kab. Sidenreng Rappang,Prov. Sulawesi Selatan,91682,0,0,0,0,0,0,0,0,0,0,0,0,0,0,0,0,0,0,0,0,0,0,0,0,0,0,0,0,0,0,0,0,0,0,0,0,0,0,0,0,0,0,0,0,0,0,0,0,0,0,0,0,0,0,0,0,0,0,0,0,0,0,0,0,0,0,0,0,0,0,0,0,0,0,0,0,0,0,1,1,,,,,,,,,,,,,,,,,,
191511,TPK SEJAHTERA I,https://dapo.kemdikbud.go.id/sekolah/7BB4DB5A9B42D94C9DF8,http://sekolah.data.kemdikbud.go.id/index.php/chome/profil/3a8e8a6b-9ee0-46e1-90d9-7259d66ed325,26 Aug 2022 12:35:03,,Kurikulum 2013,69874186,Swasta,KB,Lainnya,,,069/1567/PLS.1/DISDIK,,Tidak ada,BPD SULAWESI SELATAN,SIDENRENG RAPPANG,69874186 TPK SEJAHTERA 1 AKA AKAE,,,,,,,JL. POROS EMPAGAE RAPPANG AKA-AKA RIASE,1 / 1,AKA-AKAE,AKA-AKAE,Kec. Watang Sidenreng,Kab. Sidenreng Rappang,Prov. Sulawesi Selatan,91613,0,0,0,0,0,0,0,0,0,0,0,0,0,0,0,0,0,0,0,0,0,0,0,0,0,0,0,0,0,0,0,0,0,0,0,0,0,0,0,0,0,0,0,0,0,0,0,0,1,0,0,0,0,0,0,0,0,0,1,0,0,0,0,0,2,0,0,0,0,0,0,0,0,0,0,0,0,0,0,1,,,,,,,,,,,,,,,,,,
191511,SD NEGERI 1 MOJONG,https://dapo.kemdikbud.go.id/sekolah/BDB35C4DF3B0B85CD75A,http://sekolah.data.kemdikbud.go.id/index.php/chome/profil/50b157bd-0d26-e111-9e71-4b6b65e3083a,24 Feb 2023 08:25:49,B,Kurikulum 2013,40305546,Negeri,SD,Pemerintah Daerah,0,1965-12-31,,1910-01-01,Tidak ada,BANK SULSELBAR CAB S,SIDENRENG RAPPANG,SDN 1 MOJONG,Bersedia Menerima,Siang,9001,PLN,3500,Telkomsel Flash,Jl. Poros Sengkang,1 / 1,1 MASING,Talumae,Kec. Watang Sidenreng,Kab. Sidenreng Rappang,Prov. Sulawesi Selatan,91682,-3,119,6,6,0,0,0,0,0,1,1,0,2,6,1,2,14,24,26,11,12,24,17,18,15,12,20,15,0,0,0,0,0,0,0,0,0,0,0,0,0,0,7,8,3,208,104,104,6,6,1,1,0,0,0,0,1,1,1,1,0,0,1,1,4,4,0,0,0,0,0,0,0,0,0,0,0,0,1,1,,,,,,,,,,,,,,,,,,
191511,SD NEGERI 1 WATANG SIDENRENG,https://dapo.kemdikbud.go.id/sekolah/CFF61C9174B289920E04,http://sekolah.data.kemdikbud.go.id/index.php/chome/profil/003857bd-0d26-e111-aae2-59571063b3ed,23 Feb 2023 12:22:51,A,Kurikulum 2013,40305580,Negeri,SD,Pemerintah Daerah,,1948-12-31,,1910-01-01,Tidak ada,BPD SULAWESI SELA...,BPD SULAWESI SELATAN CABANG SIDRAP...,UPTSDNEGERI1WATANGSIDENRENG...,Bersedia Menerima,Pagi,Belum Bersertifikat,PLN,3500,Telkomsel Flash,Jl. Soraja,0 / 0,,EMPAGAE,Kec. Watang Sidenreng,Kab. Sidenreng Rappang,Prov. Sulawesi Selatan,91613,-3,119,8,8,0,0,0,0,0,1,3,0,2,8,1,2,19,19,12,24,18,19,11,17,20,18,16,7,0,0,0,0,0,0,0,0,0,0,0,0,0,0,6,10,3,200,96,104,8,8,1,1,0,0,0,0,1,1,0,0,0,0,1,1,2,2,0,0,0,0,0,0,0,0,0,0,0,0,9,9,,,,,,,,,,,,,,,,,,
191511,SD NEGERI 2 MOJONG,https://dapo.kemdikbud.go.id/sekolah/72EECC9C3B4B999A7670,http://sekolah.data.kemdikbud.go.id/index.php/chome/profil/100a58bd-0d26-e111-a9b5-079006261822,20 Feb 2023 15:40:29,B,Kurikulum 2013,40305682,Negeri,SD,Pemerintah Daerah,,1910-01-01,,1910-01-01,Tidak ada,BPD SULAWESI SELA...,BPD SULAWESI SELATAN CABANG SIDRAP...,UPTSDN2MOJONG...,Bersedia Menerima,Pagi,Belum Bersertifikat,PLN,4400,Axis,Jl. Pendidikan,1 / 1,MASING,Talumae,Kec. Watang Sidenreng,Kab. Sidenreng Rappang,Prov. Sulawesi Selatan,91682,-3,119,8,7,0,0,0,0,1,1,1,0,1,9,2,2,14,17,14,19,14,17,16,17,23,32,29,12,0,0,0,0,0,0,0,0,0,0,0,0,0,0,19,10,4,224,110,114,7,7,1,1,0,0,0,0,0,0,1,1,0,0,1,1,2,2,1,1,0,0,0,0,0,0,0,0,0,0,2,2,,,,,,,,,,,,,,,,,,
191511,SD NEGERI 2 WATANG SIDENRENG,https://dapo.kemdikbud.go.id/sekolah/32E2B8E0C901A73701A6,http://sekolah.data.kemdikbud.go.id/index.php/chome/profil/f05b57bd-0d26-e111-9adf-a5a8e99cac50,30 Jan 2023 21:28:38,B,Kurikulum 2013,40305633,Negeri,SD,Pemerintah Daerah,,1964-12-31,,1968-11-14,Tidak ada,BPD SULAWESI SELATAN,SIDRAP,UPT SDN 2 WATANG SIDENRENG,Bersedia Menerima,Sehari penuh (6 h/m),Belum Bersertifikat,PLN,1300,Telkomsel Flash,Jl. Pendidikan,0 / 0,Lingkungan 1 Sidenreng,Sidenreng,Kec. Watang Sidenreng,Kab. Sidenreng Rappang,Prov. Sulawesi Selatan,91682,-3,119,6,6,0,0,0,0,0,1,1,0,3,5,1,1,11,14,19,12,9,15,12,13,8,11,12,13,0,0,0,0,0,0,0,0,0,0,0,0,0,0,2,8,2,149,71,78,6,6,3,3,0,0,0,0,1,1,1,1,1,1,0,0,2,2,0,0,0,0,0,0,0,0,0,0,0,0,1,1,,,,,,,,,,,,,,,,,,
191511,SD NEGERI 3 MOJONG,https://dapo.kemdikbud.go.id/sekolah/8282055D46C4789A9CF7,http://sekolah.data.kemdikbud.go.id/index.php/chome/profil/006a58bd-0d26-e111-8df3-1b8fab8f1628,25 Feb 2023 08:06:04,B,Kurikulum 2013,40305655,Negeri,SD,Pemerintah Pusat,,1982-12-31,,1910-01-01,Tidak ada,BPD SULAWESI SELA...,BPD SULAWESI SELATAN CABANG SIDRAP...,UPTSDN3MOJONG...,Bersedia Menerima,Pagi,Belum Bersertifikat,PLN,3000,Smartfren,Jl. Pendidikan No.1,1 / 1,I PASSITANGENG,Damai,Kec. Watang Sidenreng,Kab. Sidenreng Rappang,Prov. Sulawesi Selatan,91682,-3,119,7,7,0,0,0,0,0,7,1,0,1,7,1,1,22,13,19,12,22,10,17,11,24,16,14,18,0,0,0,0,0,0,0,0,0,0,0,0,0,0,7,8,2,198,118,80,7,7,1,1,0,0,0,0,1,1,1,1,1,1,1,1,4,4,1,1,0,0,0,0,0,0,0,0,0,0,1,1,,,,,,,,,,,,,,,,,,
191511,SD NEGERI 3 WATANG SIDENRENG,https://dapo.kemdikbud.go.id/sekolah/C995F6588A6DE3D221A5,http://sekolah.data.kemdikbud.go.id/index.php/chome/profil/b08857bd-0d26-e111-9cd6-c5e7005e2a49,11 Mar 2023 08:32:49,B,Kurikulum 2013,40305430,Negeri,SD,Pemerintah Daerah,,1957-12-31,,1910-01-01,Tidak ada,BPD SULAWESI SELA...,BPD SULAWESI SELATAN CABANG SIDRAP...,UPTSDNEGERI3WATANGSIDENRENG...,Bersedia Menerima,Pagi,Belum Bersertifikat,PLN,450,Tidak Ada,Jl. Usman Jafar,0 / 0,Kanyuara,Kanyuara,Kec. Watang Sidenreng,Kab. Sidenreng Rappang,Prov. Sulawesi Selatan,91613,-3,119,6,6,0,0,0,0,0,1,2,0,4,5,0,3,18,11,14,8,13,19,12,13,6,15,9,6,0,0,0,0,0,0,0,0,0,0,0,0,0,0,5,9,3,144,72,72,6,6,1,1,0,0,0,0,1,1,0,0,0,0,0,0,2,2,0,0,0,0,0,0,0,0,0,0,0,0,1,1,,,,,,,,,,,,,,,,,,
191511,SD NEGERI 4 MOJONG,https://dapo.kemdikbud.go.id/sekolah/5F029B13D204B7A31AAB,http://sekolah.data.kemdikbud.go.id/index.php/chome/profil/109a58bd-0d26-e111-b41f-79050067d26e,28 Jan 2023 07:21:25,B,Kurikulum 2013,40305451,Negeri,SD,Pemerintah Daerah,,1983-12-31,,1910-01-01,Tidak ada,SULSELBAR,SIDRAP,SDN 4 MOJONG,Bersedia Menerima,Pagi,Belum Bersertifikat,PLN,900,Telkomsel Flash,JL. Mojong,1 / 1,Lasilottong,MOJONG,Kec. Watang Sidenreng,Kab. Sidenreng Rappang,Prov. Sulawesi Selatan,91682,-3,119,6,6,3,0,0,0,0,6,2,0,2,5,1,2,13,19,12,11,6,15,14,7,11,9,17,4,0,0,0,0,0,0,0,0,0,0,0,0,0,0,3,7,3,138,73,65,6,6,1,1,0,0,0,0,1,1,1,1,0,0,0,0,4,4,1,1,0,0,0,0,0,0,0,0,0,0,1,1,,,,,,,,,,,,,,,,,,
191511,SD NEGERI 4 WATANG SIDENRENG,https://dapo.kemdikbud.go.id/sekolah/4F0AE86D08B60E4013D7,http://sekolah.data.kemdikbud.go.id/index.php/chome/profil/a0db57bd-0d26-e111-84c0-c9339511d8c3,28 Feb 2023 07:35:30,B,Kurikulum 2013,40305440,Negeri,SD,Pemerintah Pusat,,1910-01-01,,1910-01-01,Tidak ada,BPD SULAWESI SELA...,BPD SULAWESI SELATAN CABANG SIDENRENG RAPPANG...,UPTSDN4WATANGSIDENRENG...,Bersedia Menerima,Pagi,Belum Bersertifikat,PLN,1300,Tidak Ada,Jl. Usman Jafar,2 / 1,Kanyuara,Kanyuara,Kec. Watang Sidenreng,Kab. Sidenreng Rappang,Prov. Sulawesi Selatan,91613,-3,119,6,6,0,0,0,0,0,0,2,0,2,6,2,1,19,13,13,19,16,17,12,15,12,11,4,20,0,0,0,0,0,0,0,0,0,0,0,0,0,0,9,8,3,171,76,95,6,6,1,1,0,0,0,0,0,0,1,1,0,0,0,0,2,3,1,1,0,0,0,0,0,0,0,0,0,0,1,1,,,,,,,,,,,,,,,,,,
191511,SD NEGERI 5 MOJONG,https://dapo.kemdikbud.go.id/sekolah/6B9E5BC013DE479DF287,http://sekolah.data.kemdikbud.go.id/index.php/chome/profil/80e458bd-0d26-e111-89a2-e7d8f5060b57,28 Feb 2023 18:31:49,B,Kurikulum 2013,40305383,Negeri,SD,Pemerintah Daerah,,1983-12-31,,1910-01-01,Tidak ada,BANK SULSEL,Sidrap,SDN 5 MOJONG,Bersedia Menerima,Pagi,Belum Bersertifikat,PLN,1300,Telkomsel Flash,Jl. Mojong,1 / 1,Mojong,Mojong,Kec. Watang Sidenreng,Kab. Sidenreng Rappang,Prov. Sulawesi Selatan,91682,-3,119,6,6,3,0,0,0,0,1,1,0,1,6,3,1,17,9,14,7,11,8,16,10,9,10,10,9,0,0,0,0,0,0,0,0,0,0,0,0,0,0,4,7,4,130,77,53,6,6,1,1,0,0,0,0,0,0,1,1,0,0,1,1,5,5,1,1,0,0,0,0,0,0,0,0,0,0,6,6,,,,,,,,,,,,,,,,,,
191511,SD NEGERI 5 WATANG SIDENRENG,https://dapo.kemdikbud.go.id/sekolah/8711008E75B435335BE4,http://sekolah.data.kemdikbud.go.id/index.php/chome/profil/603958bd-0d26-e111-bb8b-3145d81d6c83,18 Mar 2023 07:51:48,B,Kurikulum 2013,40305380,Negeri,SD,Pemerintah Pusat,,1979-12-31,412/1253/Dikdas.1/Disdikbud,1910-01-01,Tidak ada,BPD SULAWESI SELA...,BPD SULAWESI SELATAN CABANG SIDENRENG RAPPANG...,UPTSDN5WATANGSIDENRENG...,Bersedia Menerima,Pagi,Belum Bersertifikat,PLN,900,Telkomsel Flash,Jl. Poros Empagae Rappang,1 / 1,AKA-AKAE,Aka-Akae,Kec. Watang Sidenreng,Kab. Sidenreng Rappang,Prov. Sulawesi Selatan,91613,-3,119,6,6,3,0,0,0,0,1,1,0,2,6,0,3,7,9,9,14,9,14,11,11,9,14,10,5,0,0,0,0,0,0,0,0,0,0,0,0,0,0,6,8,3,122,55,67,6,6,1,1,0,0,0,0,1,1,0,0,0,0,0,0,2,2,0,0,0,0,0,0,0,0,0,0,0,0,1,1,,,,,,,,,,,,,,,,,,
191511,SD NEGERI 6 MOJONG,https://dapo.kemdikbud.go.id/sekolah/CBC886CE5D2DD4400719,http://sekolah.data.kemdikbud.go.id/index.php/chome/profil/703959bd-0d26-e111-91ca-1b46ac922f2b,24 Mar 2023 21:38:49,B,Kurikulum 2013,40305411,Negeri,SD,Pemerintah Daerah,412/4048/Dikdas.1/Disdikbud,1988-12-31,1910-01-01,1910-01-01,Tidak ada,BANK SULSELBAR,SIDRAP,SDN 6 MOJONG,Bersedia Menerima,Pagi,Belum Bersertifikat,PLN,900,Telkom Speedy,Jl. Poros Talawe,1 / 1,DUSUN 1 BULUKONYI,Talawe,Kec. Watang Sidenreng,Kab. Sidenreng Rappang,Prov. Sulawesi Selatan,91613,-3,119,6,6,0,0,0,0,0,6,1,0,2,5,2,1,8,11,10,13,13,11,15,16,10,4,6,11,0,0,0,0,0,0,0,0,0,0,0,0,0,0,11,7,3,128,62,66,6,6,1,1,0,0,0,0,0,0,1,1,1,1,1,1,3,3,1,1,0,0,0,0,0,0,0,0,0,0,1,1,,,,,,,,,,,,,,,,,,
191511,SD NEGERI 6 WATANG SIDENRENG,https://dapo.kemdikbud.go.id/sekolah/D0830D4DADDC9E938356,http://sekolah.data.kemdikbud.go.id/index.php/chome/profil/20c058bd-0d26-e111-8233-7d49053c532d,16 Feb 2023 10:45:39,B,Kurikulum 2013,40305399,Negeri,SD,Pemerintah Daerah,,1981-07-05,,1910-01-01,Tidak ada,BPD SULAWESI SELA...,BPD SULAWESI SELATAN CABANG SIDENRENG RAPPANG...,UPTSDNEGERI6WATANGSIDENRENG...,Bersedia Menerima,Pagi,Belum Bersertifikat,PLN,900,Lainnya,Nene Mallomo Lk. II Walatedong,1 / 1,,Sidenreng,Kec. Watang Sidenreng,Kab. Sidenreng Rappang,Prov. Sulawesi Selatan,91682,-3,119,6,6,0,0,0,0,0,1,1,0,3,5,1,1,7,8,10,10,9,5,9,13,9,7,4,5,0,0,0,0,0,0,0,0,0,0,0,0,0,0,4,8,2,96,48,48,6,6,1,1,0,0,0,0,0,0,0,0,0,0,0,0,2,2,0,0,0,0,0,0,0,0,0,0,0,0,1,1,,,,,,,,,,,,,,,,,,
191511,SD NEGERI 7 WATANG SIDENRENG,https://dapo.kemdikbud.go.id/sekolah/C45BA637182264FE3253,http://sekolah.data.kemdikbud.go.id/index.php/chome/profil/001159bd-0d26-e111-9692-25ed289b14b0,28 Mar 2023 11:34:27,B,Kurikulum 2013,40305517,Negeri,SD,Pemerintah Daerah,,1982-12-31,,1910-01-01,Tidak ada,Bank SULSELBAR,Cabang SIDENRENG RAPPANG,SDN 7 WATANG SIDENRENG,Bersedia Menerima,Pagi,Belum Bersertifikat,PLN,900,Telkomsel Flash,Jl. Poros Aka-akae Kampung Baru,2 / 2,dusun 1 aka-akae,Aka-AkaE,Kec. Watang Sidenreng,Kab. Sidenreng Rappang,Prov. Sulawesi Selatan,91613,-3,119,6,6,0,0,0,0,0,1,1,0,3,5,0,2,7,7,7,6,6,3,3,10,6,9,9,7,0,0,0,0,0,0,0,0,0,0,0,0,0,0,6,8,2,80,38,42,6,6,1,1,0,0,0,0,1,1,0,0,0,0,0,0,1,1,0,0,0,0,0,0,0,0,0,0,0,0,4,4,,,,,,,,,,,,,,,,,,
191511,SD NEGERI 8 WATANG SIDENRENG,https://dapo.kemdikbud.go.id/sekolah/D6CCA23EDF31D787A723,http://sekolah.data.kemdikbud.go.id/index.php/chome/profil/a06659bd-0d26-e111-b576-fdd08f0d4ff2,11 Mar 2023 09:57:37,B,Kurikulum 2013,40305530,Negeri,SD,Pemerintah Daerah,,1910-01-01,,1910-01-01,Tidak ada,BANK SULSEL,CABANG SIDRAP,SDN 8 WATANG SIDENRENG,Bersedia Menerima,Pagi,Belum Bersertifikat,PLN,1300,3 (Tri),Jl. Pendidikan No. 11,1 / 1,TIMORENG SALO,Empagae,Kec. Watang Sidenreng,Kab. Sidenreng Rappang,Prov. Sulawesi Selatan,91613,-3,119,6,6,3,0,0,0,0,6,1,0,3,4,2,0,12,16,10,5,13,14,10,7,8,16,9,11,0,0,0,0,0,0,0,0,0,0,0,0,0,0,7,7,2,131,62,69,5,5,1,1,0,0,0,0,1,1,1,1,0,0,0,0,4,4,1,1,0,0,0,0,0,0,0,0,0,0,1,1,,,,,,,,,,,,,,,,,,
191511,SMP NEGERI 2 WATANG SIDENRENG,https://dapo.kemdikbud.go.id/sekolah/CF6A0DB95F6588F2AA1A,http://sekolah.data.kemdikbud.go.id/index.php/chome/profil/809d63c0-0d26-e111-bbbc-b3415eb5ee5c,29 Mar 2023 20:18:40,B,Kurikulum 2013,40314684,Negeri,SMP,Pemerintah Pusat,005/IMB/-PRDYEK/VII/2008,2008-07-29,152 TAHUN2009,2009-02-24,Tidak ada,Bank BPD Sidrap,Sidrap,SMPN2WATSID,Bersedia Menerima,Pagi,Belum Bersertifikat,PLN,0,Smartfren,Jl. Lasiwala,1 / 1,Passitangeng,Damai,Kec. Watang Sidenreng,Kab. Sidenreng Rappang,Prov. Sulawesi Selatan,91613,-3,119,6,0,2,3,2,0,1,2,1,1,6,8,4,0,0,0,0,0,0,0,0,0,0,0,0,0,26,23,11,23,22,27,0,0,0,0,0,0,0,0,8,14,4,132,59,73,6,6,1,1,1,1,1,1,1,1,1,1,1,1,0,0,4,4,1,1,0,0,1,1,1,1,1,1,1,1,1,1,,,,,,,,,,,,,,,,,,
191511,SMP NEGERI 4 MARITENGNGAE,https://dapo.kemdikbud.go.id/sekolah/A2AE81BB2D3781661103,http://sekolah.data.kemdikbud.go.id/index.php/chome/profil/203d60c0-0d26-e111-adfc-27348e681ac5,29 Mar 2023 10:52:24,A,Kurikulum 2013,40305480,Negeri,SMP,Pemerintah Daerah,,1995-10-26,0315/0/1995,1995-10-26,Tidak ada,BPD SULAWESI SELA...,BPD SULAWESI SELATAN CABANG SIDENRENG RAPPANG...,UPTSMPN4MARITENGNGAE...,Bersedia Menerima,Pagi,Proses Sertifikasi,PLN,2498,Smartfren,Jl. Poros Aka Akae No. 42,1 / 1,empagae,EMPAGAE,Kec. Watang Sidenreng,Kab. Sidenreng Rappang,Prov. Sulawesi Selatan,91613,-3,119,9,0,2,3,2,0,2,1,1,1,7,15,1,2,0,0,0,0,0,0,0,0,0,0,0,0,51,28,39,30,41,40,0,0,0,0,0,0,0,0,26,22,3,229,131,98,31,31,1,1,1,1,0,0,2,2,1,1,1,1,1,1,4,4,0,0,0,0,0,0,2,2,0,0,0,0,4,4,,,,,,,,,,,,,,,,,,
191511,PKBM ILHAM AS,https://dapo.kemdikbud.go.id/sekolah/877B77A69E54C703AE64,http://sekolah.data.kemdikbud.go.id/index.php/chome/profil/ef904736-b8e7-462f-a9c3-914e28b53689,,,,P9957032,Swasta,PKBM,Yayasan,14,2014-12-31,069/1052/PLS.3/Disdik,2015-04-22,Tidak ada,BRI,SIDRAP,PKBM ILHAM AS,,,,,,,Jl. Petta Matoae,1 / 2,Empagae,Empagae,Kec. Watang Sidenreng,Kab. Sidenreng Rappang,Prov. Sulawesi Selatan,91613,-3,119,0,0,0,0,0,0,0,0,0,0,0,0,0,0,0,0,0,0,0,0,0,0,0,0,0,0,0,0,0,0,0,0,0,0,0,0,0,0,0,0,0,0,0,0,0,0,0,0,0,0,0,0,0,0,0,0,0,0,0,0,0,0,0,0,0,0,0,0,0,0,0,0,0,0,0,0,0,1,,,,,,,,,,,,,,,,,,
191511,PKBM RAHMAT,https://dapo.kemdikbud.go.id/sekolah/66987CA4C6209683CD45,http://sekolah.data.kemdikbud.go.id/index.php/chome/profil/7d3c28e2-89f8-4d8d-9f00-31c8705a1a4e,,,,P9956867,Swasta,PKBM,Yayasan,28,2007-10-29,069/998/PLS.3/Disdik,2016-03-24,Tidak ada,nama_bank,cabang,rek_atas_nama,,,,,,,Jl. Poros Sengkang,/,,Talumae,Kec. Watang Sidenreng,Kab. Sidenreng Rappang,Prov. Sulawesi Selatan,,-3,119,0,0,0,0,0,0,0,0,0,0,0,0,0,0,0,0,0,0,0,0,0,0,0,0,0,0,0,0,0,0,0,0,0,0,0,0,0,0,0,0,0,0,0,0,0,0,0,0,0,0,0,0,0,0,0,0,0,0,0,0,0,0,0,0,0,0,0,0,0,0,0,0,0,0,0,0,0,0,,,,,,,,,,,,,,,,,,
