kode_kec,nama,link_dapo,link_sekolah_kita,last_sync,akreditasi,kurikulum,npsn,status,bentuk_pendidikan,status_kepemilikan,sk_pendirian_sekolah,tanggal_sk_pendirian,sk_izin_operasional,tanggal_sk_izin_operasional,kebutuhan_khusus_dilayani,nama_bank,cabang_kcp/unit,rekening_atas_nama,status_bos,waku_penyelenggaraan,sertifikasi_iso,sumber_listrik,daya_listrik,akses_internet,alamat,rt_/_rw,dusun,desa_/_kelurahan,kecamatan,kabupaten,provinsi,kode_pos,lintang,bujur,rombel,guru_kelas,guru_matematika,guru_bahasa_indonesia,guru_bahasa_inggris,guru_sejarah_indonesia,guru_pkn,guru_penjaskes,guru_agama_budi_pekerti,guru_seni_budaya,ptk_laki,ptk_perempuan,pegawai_laki,pegawai_perempuan,pd_kelas_1_laki,pd_kelas_1_perempuan,pd_kelas_2_laki,pd_kelas_2_perempuan,pd_kelas_3_laki,pd_kelas_3_perempuan,pd_kelas_4_laki,pd_kelas_4_perempuan,pd_kelas_5_laki,pd_kelas_5_perempuan,pd_kelas_6_laki,pd_kelas_6_perempuan,pd_kelas_7_laki,pd_kelas_7_perempuan,pd_kelas_8_laki,pd_kelas_8_perempuan,pd_kelas_9_laki,pd_kelas_9_perempuan,pd_kelas_10_laki,pd_kelas_10_perempuan,pd_kelas_11_laki,pd_kelas_11_perempuan,pd_kelas_12_laki,pd_kelas_12_perempuan,pd_kelas_13_laki,pd_kelas_13_perempuan,jumlah_kirim,ptk,pegawai,pd,pd_laki,pd_perempuan,before_ruang_kelas,after_ruang_kelas,before_ruang_perpus,after_ruang_perpus,before_ruang_lab,after_ruang_lab,before_ruang_praktik,after_ruang_praktik,before_ruang_pimpinan,after_ruang_pimpinan,before_ruang_guru,after_ruang_guru,before_ruang_ibadah,after_ruang_ibadah,before_ruang_uks,after_ruang_uks,before_toilet,after_toilet,before_gudang,after_gudang,before_ruang_sirkulasi,after_ruang_sirkulasi,before_tempat_bermain_olahraga,after_tempat_bermain_olahraga,before_ruang_tu,after_ruang_tu,before_ruang_konseling,after_ruang_konseling,before_ruang_osis,after_ruang_osis,before_bangunan,after_bangunan,identitas_valid,ptk_valid,pd_valid,prasarana_valid,total_valid,sekolah_id,semester_id,sumber_air,sumber_air_minum,kecukupan_air_bersih,jamban_kk,tipe_jamban,jml_hari_cuci_tangan,jml_wastafel,jml_wastafel_rusak,air_mengalir_wastafel,memiliki_drainase,menguras_tangki_septik
340503,TK HANDAYANI SEMBAKUNG,https://dapo.kemdikbud.go.id/sekolah/83B2CBD01A03447E0C76,http://sekolah.data.kemdikbud.go.id/index.php/chome/profil/5885e248-6904-44d9-8422-9b0056083f11,24 Feb 2023 08:07:21,C,Kurikulum 2013,30405861,Swasta,TK,Yayasan,8,2008-03-17,853/Disdikbud-III/421.1/IX/2021,2021-09-29,Tidak ada,BPD KALIMANTAN TIMUR,NUNUKAN,30405861 TK HANDAYANI SMBAKUNG,Bersedia Menerima,Pagi,Belum Bersertifikat,PLN,880,Tidak Ada,JL. Gor RT 03,3 / 0,ATAP,Atap,Kec. Sembakung,Kab. Nunukan,Prov. Kalimantan Utara,77153,0,0,3,5,0,0,0,0,0,0,0,0,0,5,0,1,0,0,0,0,0,0,0,0,0,0,0,0,0,0,0,0,0,0,0,0,0,0,0,0,0,0,2,5,1,35,22,13,4,4,0,0,0,0,0,0,0,0,1,1,0,0,0,0,3,3,0,0,0,0,0,0,0,0,0,0,0,0,1,1,,,,,,,,,,,,,,,,,,
340503,KB  RAUSYANDHOMIR,https://dapo.kemdikbud.go.id/sekolah/BDD60A92985786BA8C9A,http://sekolah.data.kemdikbud.go.id/index.php/chome/profil/4f42a5a2-260e-465e-b03d-a2e025776ef9,30 Aug 2021 06:07:31,,,69960777,Swasta,KB,Lainnya,12,2015-09-09,188.4/219/Disdik-VI/VIII/2016,2016-08-16,Tidak ada,BPD KALIMANTAN TIMUR,NUNUKAN,69960777 KB RAUSYANDHOMIR,,,,,,,Jl. Manu Bungkul,1 /,,Manuk Bungkul,Kec. Sembakung,Kab. Nunukan,Prov. Kalimantan Utara,77153,0,0,0,0,0,0,0,0,0,0,0,0,0,0,0,0,0,0,0,0,0,0,0,0,0,0,0,0,0,0,0,0,0,0,0,0,0,0,0,0,0,0,0,0,0,0,0,0,0,0,0,0,0,0,0,0,0,0,0,0,0,0,0,0,0,0,0,0,0,0,0,0,0,0,0,0,0,0,1,1,,,,,,,,,,,,,,,,,,
340503,KB BINA KASIH,https://dapo.kemdikbud.go.id/sekolah/EC6FA6A3D8C1FB215CFD,http://sekolah.data.kemdikbud.go.id/index.php/chome/profil/f2226eef-1144-4b3c-936c-3cad23d02fec,21 Feb 2023 22:07:44,,Kurikulum 2013,70015386,Swasta,KB,Lainnya,23,2021-10-25,188.4/Disdikbud-III/069/X/2021,2021-10-26,Tidak ada,,,,Bersedia Menerima,Pagi,Belum Bersertifikat,PLN,0,Tidak Ada,Desa Tujung,/,,Tujung,Kec. Sembakung,Kab. Nunukan,Prov. Kalimantan Utara,,0,0,4,4,0,0,0,0,0,0,0,0,0,3,0,1,0,0,0,0,0,0,0,0,0,0,0,0,0,0,0,0,0,0,0,0,0,0,0,0,0,0,1,3,1,34,28,6,2,2,0,0,0,0,0,0,0,0,0,0,0,0,0,0,1,1,0,0,0,0,0,0,0,0,0,0,0,0,1,1,,,,,,,,,,,,,,,,,,
340503,KB CERIA,https://dapo.kemdikbud.go.id/sekolah/9795A9154DB2E3DE56BB,http://sekolah.data.kemdikbud.go.id/index.php/chome/profil/4f4b3891-4406-4417-b6a0-2acbe65b0ab2,16 Feb 2023 20:56:43,,Kurikulum 2013,70015660,Swasta,KB,Pemerintah Daerah,3,2016-07-09,188.4/Disdikbud-III/085/XI/2021,2021-11-22,Tidak ada,BPD KALIMANTAN TIMUR,NUNUKAN,70015660 KB CERIA,Bersedia Menerima,Pagi,Belum Bersertifikat,Tidak Ada,220,Tidak Ada,Desa Tagul,/,,Tagul,Kec. Sembakung,Kab. Nunukan,Prov. Kalimantan Utara,,0,0,2,2,0,0,0,0,0,0,0,0,0,2,0,0,0,0,0,0,0,0,0,0,0,0,0,0,0,0,0,0,0,0,0,0,0,0,0,0,0,0,1,2,0,9,5,4,2,2,0,0,0,0,0,0,1,1,0,0,0,0,0,0,1,1,0,0,0,0,0,0,0,0,0,0,0,0,1,1,,,,,,,,,,,,,,,,,,
340503,KB Tunas Kasih,https://dapo.kemdikbud.go.id/sekolah/31261BD00599C4B40D32,http://sekolah.data.kemdikbud.go.id/index.php/chome/profil/d89adb63-abd0-4765-a8dd-3667ad033a46,,,,69922316,Swasta,KB,Lainnya,17,2012-04-04,188.4/216/disdik-IV/XI/202015,2015-11-06,Tidak ada,BPD,KEC. SEMBAKUNG,PAUD TUNAS KASIH,,,,,,,Tunas Kasih,1 /,labuk,Labuk,Kec. Sembakung,Kab. Nunukan,Prov. Kalimantan Utara,77153,-5,114,0,0,0,0,0,0,0,0,0,0,0,0,0,0,0,0,0,0,0,0,0,0,0,0,0,0,0,0,0,0,0,0,0,0,0,0,0,0,0,0,0,0,0,0,0,0,0,0,0,0,0,0,0,0,0,0,0,0,0,0,0,0,0,0,0,0,0,0,0,0,0,0,0,0,0,0,0,1,,,,,,,,,,,,,,,,,,
340503,KB Zacky Anisa,https://dapo.kemdikbud.go.id/sekolah/0D20A22FBD588F339443,http://sekolah.data.kemdikbud.go.id/index.php/chome/profil/77d98ed6-4f57-4778-b14c-5c0e8ce07a47,24 Feb 2023 15:26:05,,Kurikulum 2013,69922318,Swasta,KB,Yayasan,17,2012-04-24,188.4/215/Disdik-VI/XI/2015,2015-11-06,Tidak ada,BPD KALIMANTAN TIMUR,NUNUKAN,69922318 KB ZACKY ANISA,Bersedia Menerima,Pagi,Belum Bersertifikat,PLN,4,Telkomsel Flash,Jalan Kanal baru RT.04,4 /,,Lubakan,Kec. Sembakung,Kab. Nunukan,Prov. Kalimantan Utara,77153,0,0,3,3,0,0,0,0,0,0,0,0,0,2,0,1,0,0,0,0,0,0,0,0,0,0,0,0,0,0,0,0,0,0,0,0,0,0,0,0,0,0,11,2,1,27,8,19,1,1,1,1,0,0,0,0,0,0,1,1,0,0,0,0,1,1,0,0,0,0,0,0,0,0,0,0,0,0,1,1,,,,,,,,,,,,,,,,,,
340503,KB.  CITRA  ATULAI,https://dapo.kemdikbud.go.id/sekolah/608C6D0176D1CBB69D56,http://sekolah.data.kemdikbud.go.id/index.php/chome/profil/db283e4a-393a-46b2-ad35-c0db193f02a5,27 Feb 2023 11:18:39,C,Kurikulum 2013,69938639,Swasta,KB,Lainnya,10,2014-03-20,188.4/70/Disdik-V/VI/2022,2022-06-08,Tidak ada,BPD KALIMANTAN TIMUR,NUNUKAN,69938639 KB CItra Atulai,Bersedia Menerima,Pagi,Belum Bersertifikat,PLN,900,Tidak Ada,KB.  CITRA  ATULAI,2 /,Katul,Atap,Kec. Sembakung,Kab. Nunukan,Prov. Kalimantan Utara,77153,0,0,4,4,0,0,0,0,0,0,0,0,0,4,0,1,0,0,0,0,0,0,0,0,0,0,0,0,0,0,0,0,0,0,0,0,0,0,0,0,0,0,5,4,1,34,22,12,2,2,0,0,0,0,0,0,0,0,1,1,0,0,0,0,2,2,0,0,0,0,0,0,0,0,0,0,0,0,1,1,,,,,,,,,,,,,,,,,,
340503,KB.  FAUZI  RAHMAN,https://dapo.kemdikbud.go.id/sekolah/F7FEC4BBF5374BEFFC71,http://sekolah.data.kemdikbud.go.id/index.php/chome/profil/cf6a44e1-2263-48e8-a6da-8ea0fb6f89c7,18 Feb 2023 09:49:29,C,Kurikulum 2013,69802901,Swasta,KB,Lainnya,13,2011-05-18,829/Disdikbud-III/421.1/IX/2021,2018-09-23,Tidak ada,BPD KALIMANTAN TIMUR,Nunukan,69802901 KB Fauzi Rahman,Bersedia Menerima,Pagi,Proses Sertifikasi,PLN,900,Lainnya (Wavelan),Jl. Padat Karya  RT.09,9 /,Desa Atap,Atap,Kec. Sembakung,Kab. Nunukan,Prov. Kalimantan Utara,77153,3,117,5,5,0,0,0,0,0,0,0,0,0,5,0,3,0,0,0,0,0,0,0,0,0,0,0,0,0,0,0,0,0,0,0,0,0,0,0,0,0,0,3,5,3,59,30,29,5,5,1,0,0,0,0,0,1,1,1,1,0,0,0,0,2,2,1,1,0,0,0,0,0,0,0,0,0,0,2,2,,,,,,,,,,,,,,,,,,
340503,SD NEGERI 001 SEMBAKUNG,https://dapo.kemdikbud.go.id/sekolah/75EAC9DCE142AF2F2748,http://sekolah.data.kemdikbud.go.id/index.php/chome/profil/50cb3f7e-30f5-e011-b302-4f7ba5703392,31 Mar 2023 14:32:01,B,Kurikulum 2013,30402652,Negeri,SD,Pemerintah Daerah,0,1974-02-01,,1910-01-01,Tidak ada,BANKALTIM,SANUR,SDN 001 Sembakung,Bersedia Menerima,Pagi,Belum Bersertifikat,PLN,900,Tidak Ada,Jl. Lapangan Rt. 09,9 / 0,Atap,Atap,Kec. Sembakung,Kab. Nunukan,Prov. Kalimantan Utara,77453,3,117,6,6,0,0,0,0,0,1,1,1,3,6,0,4,13,6,6,8,18,8,5,7,12,4,9,7,0,0,0,0,0,0,0,0,0,0,0,0,0,0,11,9,4,103,63,40,6,6,1,1,0,0,0,0,0,0,1,1,0,0,0,0,2,2,0,0,0,0,0,0,0,0,0,0,0,0,1,1,,,,,,,,,,,,,,,,,,
340503,SD NEGERI 002 SEMBAKUNG,https://dapo.kemdikbud.go.id/sekolah/06926658C62970D79361,http://sekolah.data.kemdikbud.go.id/index.php/chome/profil/c00c407e-30f5-e011-9b9b-db7ed7664648,23 Mar 2023 10:49:24,B,Kurikulum 2013,30402684,Negeri,SD,Pemerintah Daerah,1980,1980-07-01,054/Disdik-IV/421/I/2022,2022-01-20,Tidak ada,BPD KALTIMTARA...,BPD KALIMANTAN TIMUR DAN KALIMANTAN UTARA CABANG SANUR...,SDN006SEMBAKUNG/BOSPUSAT...,Bersedia Menerima,Pagi,Belum Bersertifikat,PLN,900,Telkomsel Flash,Jl.Lapangan RT.08,1 / 0,ATAP,Atap,Kec. Sembakung,Kab. Nunukan,Prov. Kalimantan Utara,77453,3,117,7,7,0,0,0,0,0,1,2,0,2,8,2,2,14,8,14,14,8,16,20,15,17,9,5,13,0,0,0,0,0,0,0,0,0,0,0,0,0,0,11,10,4,153,78,75,8,8,1,1,0,0,0,0,1,1,1,1,0,0,0,0,7,3,1,1,0,0,0,0,0,0,0,0,0,0,5,6,,,,,,,,,,,,,,,,,,
340503,SD NEGERI 003 SEMBAKUNG,https://dapo.kemdikbud.go.id/sekolah/25B7E39E5C2F4EE3A1EE,http://sekolah.data.kemdikbud.go.id/index.php/chome/profil/b05b407e-30f5-e011-9dde-49b1e946043f,29 Mar 2023 23:24:32,B,Kurikulum 2013,30402719,Negeri,SD,Pemerintah Daerah,0,1982-07-15,,1910-01-01,Tidak ada,Bank Kaltim Kalatara,Malinau,sdn 012 Sembakung,Bersedia Menerima,Pagi,Belum Bersertifikat,PLN,0,Tidak Ada,Jl. Aji Bhakti,4 / 0,Atap,Atap,Kec. Sembakung,Kab. Nunukan,Prov. Kalimantan Utara,77153,3,117,6,6,0,0,0,0,0,1,1,0,3,5,2,0,7,7,2,4,4,5,9,4,5,3,3,3,0,0,0,0,0,0,0,0,0,0,0,0,0,0,6,8,2,56,30,26,6,6,1,1,0,0,0,0,1,1,1,1,0,0,0,0,2,2,1,1,0,0,0,0,0,0,0,0,0,0,1,1,,,,,,,,,,,,,,,,,,
340503,SD NEGERI 004 SEMBAKUNG,https://dapo.kemdikbud.go.id/sekolah/8B106B89CA0372D87F80,http://sekolah.data.kemdikbud.go.id/index.php/chome/profil/d06d407e-30f5-e011-8bc0-976bfab1459a,31 Mar 2023 19:13:19,C,Kurikulum 2013,30402725,Negeri,SD,Pemerintah Pusat,01-05-1982,1982-05-01,,1983-02-02,Tidak ada,BPD KALTIMTARA...,BPD KALIMANTAN TIMUR DAN KALIMANTAN UTARA CABANG SEMBAKUN...,SDN013SEMBAKUNG/BOSPUSAT...,Bersedia Menerima,Sehari penuh (5 h/m),Belum Bersertifikat,PLN,1320,Tidak Ada,Jl. Manunggal Tembelunu,6 / 0,ATAP,Atap,Kec. Sembakung,Kab. Nunukan,Prov. Kalimantan Utara,77453,3,117,6,6,0,0,0,0,0,2,1,0,6,5,2,0,4,5,0,2,6,6,4,1,5,1,3,3,0,0,0,0,0,0,0,0,0,0,0,0,0,0,21,11,2,40,22,18,6,6,0,0,0,0,0,0,1,1,1,1,0,0,0,0,3,3,1,1,0,0,0,0,0,0,0,0,0,0,1,1,,,,,,,,,,,,,,,,,,
340503,SD NEGERI 005 SEMBAKUNG,https://dapo.kemdikbud.go.id/sekolah/7A7561CEFE4A46467C6D,http://sekolah.data.kemdikbud.go.id/index.php/chome/profil/a0f23f7e-30f5-e011-9ffa-a5c65a2b7cbf,18 Mar 2023 18:37:15,B,Kurikulum 2013,30402671,Negeri,SD,Pemerintah Daerah,04-06-1977,1977-06-04,188.45/322/71/2021,2021-06-15,Tidak ada,BPD KALTIMTARA...,BPD KALIMANTAN TIMUR DAN KALIMANTAN UTARA CABANG...,SDN004SEMBAKUNG/BOSPUSAT...,Bersedia Menerima,Pagi,Belum Bersertifikat,PLN,900,Tidak Ada,Jl. Kampung Bulungan,0 / 0,Lubakan,Lubakan,Kec. Sembakung,Kab. Nunukan,Prov. Kalimantan Utara,77453,3,117,6,6,0,0,0,0,0,1,1,0,5,3,2,0,2,4,3,3,8,5,6,3,6,2,5,5,0,0,0,0,0,0,0,0,0,0,0,0,0,0,25,8,2,52,30,22,6,6,0,0,0,0,0,0,0,0,1,1,0,0,0,0,2,2,0,0,0,0,0,0,0,0,0,0,0,0,1,10,,,,,,,,,,,,,,,,,,
340503,SD NEGERI 006 SEMBAKUNG,https://dapo.kemdikbud.go.id/sekolah/16FCA2111951FF06B197,http://sekolah.data.kemdikbud.go.id/index.php/chome/profil/d0ff3f7e-30f5-e011-b0bd-4f780d80f175,23 Mar 2023 08:28:53,C,Kurikulum 2013,30402677,Negeri,SD,Pemerintah Pusat,1981/1982,1910-01-01,053/Disdik-IV/421/I/2022,1910-01-01,Tidak ada,BANK KALTIM,MANSALONG,SDN 005 SEMBAKUNG,Bersedia Menerima,Kombinasi,Belum Bersertifikat,PLN,440,Tidak Ada,Jalan Pemukiman Desa Manuk Bungkul,2 / 0,,Manuk Bungkul,Kec. Sembakung,Kab. Nunukan,Prov. Kalimantan Utara,77153,3,117,6,6,0,0,0,0,0,1,1,4,10,2,4,1,2,4,1,5,2,6,5,5,4,1,3,1,0,0,0,0,0,0,0,0,0,0,0,0,0,0,4,12,5,39,17,22,3,3,1,1,0,0,0,0,0,0,0,0,0,0,0,0,3,1,0,0,0,0,0,0,0,0,0,0,0,0,2,4,,,,,,,,,,,,,,,,,,
340503,SD NEGERI 007 SEMBAKUNG,https://dapo.kemdikbud.go.id/sekolah/D5366EA37594CB45167D,http://sekolah.data.kemdikbud.go.id/index.php/chome/profil/60d83f7e-30f5-e011-8f9b-51848bd7434d,17 Mar 2023 09:02:44,C,Kurikulum 2013,30402658,Negeri,SD,Pemerintah Daerah,0,1910-01-01,,1910-01-01,Tidak ada,BANKALTIM,SANUR,SDN 002 Sembakung,Bersedia Menerima,Pagi,Belum Bersertifikat,Tidak Ada,0,Tidak Ada,Jl. Masjid An - Nur Rt. 2,3 / 0,TAGUL,Tagul,Kec. Sembakung,Kab. Nunukan,Prov. Kalimantan Utara,77153,3,117,6,6,0,0,0,0,0,1,1,1,3,6,2,0,2,7,5,7,3,6,5,1,12,8,5,8,0,0,0,0,0,0,0,0,0,0,0,0,0,0,7,9,2,69,32,37,6,6,1,1,0,0,0,0,1,1,1,1,0,0,1,1,3,3,0,0,0,0,0,0,0,0,0,0,0,0,1,1,,,,,,,,,,,,,,,,,,
340503,SD NEGERI 008 SEMBAKUNG,https://dapo.kemdikbud.go.id/sekolah/D08BF99307D1D03D1DD4,http://sekolah.data.kemdikbud.go.id/index.php/chome/profil/807c407e-30f5-e011-ad83-195f856aa3b1,31 Mar 2023 22:34:34,C,Kurikulum 2013,30402731,Negeri,SD,Pemerintah Daerah,0,1996-03-20,,1910-01-01,Tidak ada,BPD KALTIMTARA...,BPD KALIMANTAN TIMUR DAN KALIMANTAN UTARA CABANG NUNUKAN...,SDN014SEMBAKUNG/BOSPUSAT...,Bersedia Menerima,Pagi,Belum Bersertifikat,Diesel,1200,Telkomsel Flash,Desa Tepian,2 / 0,Tepian,Tepian,Kec. Sembakung,Kab. Nunukan,Prov. Kalimantan Utara,77153,3,117,6,6,0,0,0,0,0,1,1,0,4,4,1,0,8,9,10,9,5,6,9,12,2,7,5,6,0,0,0,0,0,0,0,0,0,0,0,0,0,0,14,8,1,88,39,49,6,6,1,1,1,1,0,0,1,1,1,1,1,1,1,1,4,4,1,1,0,0,0,0,0,0,0,0,0,0,1,1,,,,,,,,,,,,,,,,,,
340503,SD NEGERI 009 SEMBAKUNG,https://dapo.kemdikbud.go.id/sekolah/A8503F51B7390EDE6E03,http://sekolah.data.kemdikbud.go.id/index.php/chome/profil/30b3407e-30f5-e011-ab74-536699aa9102,02 Feb 2023 20:55:12,C,Kurikulum 2013,30402755,Negeri,SD,Pemerintah Pusat,,2006-07-20,,1910-01-01,Tidak ada,BPD KALTIMTARA...,BPD KALIMANTAN TIMUR DAN KALIMANTAN UTARA CABANG SANUR...,SDN018SEMBAKUNG/BOSPUSAT...,Bersedia Menerima,Kombinasi,Belum Bersertifikat,Tidak Ada,0,Tidak Ada,Jl. Haidir Dusun Lebion RT.04,4 / 0,Labion,Tepian,Kec. Sembakung,Kab. Nunukan,Prov. Kalimantan Utara,77153,3,117,6,6,0,0,0,0,0,1,0,1,3,5,1,0,2,6,3,2,4,4,1,4,6,2,4,3,0,0,0,0,0,0,0,0,0,0,0,0,0,0,4,8,1,41,20,21,4,4,1,1,0,0,0,0,0,0,0,0,0,0,1,1,2,2,1,1,0,0,0,0,0,0,0,0,0,0,1,1,,,,,,,,,,,,,,,,,,
340503,SD NEGERI 010 SEMBAKUNG,https://dapo.kemdikbud.go.id/sekolah/850513C8169878CBD05C,http://sekolah.data.kemdikbud.go.id/index.php/chome/profil/908a407e-30f5-e011-9450-edff58f16a90,18 Mar 2023 13:16:48,B,Kurikulum 2013,30402737,Negeri,SD,Pemerintah Pusat,sk,2000-01-01,,1910-01-01,Tidak ada,BPD KALTIMTARA...,BPD KALIMANTAN TIMUR DAN KALIMANTAN UTARA CABANG DESA SAN...,SDN015SEMBAKUNG/BOSPUSAT...,Bersedia Menerima,Sehari penuh (5 h/m),Belum Bersertifikat,Tenaga Surya,80,Tidak Ada,Jl. Pelaju,1 / 0,Desa Pelaju,Plaju,Kec. Sembakung,Kab. Nunukan,Prov. Kalimantan Utara,77453,3,117,6,6,0,0,0,0,0,1,0,0,1,6,2,0,5,4,5,6,9,5,7,5,5,2,10,2,0,0,0,0,0,0,0,0,0,0,0,0,0,0,11,7,2,65,41,24,6,6,0,0,0,0,0,0,1,1,1,1,0,0,0,0,3,3,1,1,0,0,0,0,0,0,0,0,0,0,1,1,,,,,,,,,,,,,,,,,,
340503,SD NEGERI 011 SEMBAKUNG,https://dapo.kemdikbud.go.id/sekolah/7133CF0D587276F51385,http://sekolah.data.kemdikbud.go.id/index.php/chome/profil/a0a5407e-30f5-e011-877f-47b826d2ca88,20 Feb 2023 17:55:03,C,Kurikulum 2013,30402749,Negeri,SD,Pemerintah Daerah,,2004-01-08,,1910-01-01,Tidak ada,BPD KALTIMTARA...,BPD KALIMANTAN TIMUR DAN KALIMANTAN UTARA CABANG MANSALON...,SDN017SEMBAKUNG/BOS...,Bersedia Menerima,Sehari penuh (6 h/m),Belum Bersertifikat,PLN,399,Tidak Ada,Tujung,1 / 0,tujung,Tujung,Kec. Sembakung,Kab. Nunukan,Prov. Kalimantan Utara,77153,3,116,6,6,0,0,0,0,0,1,0,0,6,2,2,0,6,4,2,10,6,4,3,7,9,4,2,1,0,0,0,0,0,0,0,0,0,0,0,0,0,0,2,8,2,58,28,30,3,3,1,1,0,0,0,0,0,0,0,0,0,0,0,0,3,3,0,0,0,0,0,0,0,0,0,0,0,0,1,1,,,,,,,,,,,,,,,,,,
340503,SD NEGERI 012 SEMBAKUNG,https://dapo.kemdikbud.go.id/sekolah/4B8B04A740BD39AA5D10,http://sekolah.data.kemdikbud.go.id/index.php/chome/profil/401a407e-30f5-e011-aa7e-917e3ace9af0,31 Mar 2023 16:22:49,B,Kurikulum 2013,30402690,Negeri,SD,Pemerintah Pusat,,1981-01-01,,1910-01-01,Tidak ada,Bankaltim (BPD),Mansalong,SDN 007 Sembakung,Bersedia Menerima,Sehari penuh (5 h/m),9001,PLN,880,Tidak Ada,Jl. Lapangan Sepak Bola Rt 002,2 / 0,Pagar,Pagar,Kec. Sembakung,Kab. Nunukan,Prov. Kalimantan Utara,77153,3,117,6,6,1,0,0,0,0,1,2,1,11,1,2,0,6,5,2,5,2,3,5,1,4,1,6,8,0,0,0,0,0,0,0,0,0,0,0,0,0,0,8,12,2,48,25,23,7,2,0,1,0,1,0,0,1,0,1,0,0,0,0,1,5,2,1,1,0,0,0,0,0,0,0,0,0,0,1,1,,,,,,,,,,,,,,,,,,
340503,SD NEGERI 013 SEMBAKUNG,https://dapo.kemdikbud.go.id/sekolah/DB7C8435E69591A49478,http://sekolah.data.kemdikbud.go.id/index.php/chome/profil/6027407e-30f5-e011-b986-6f36beb9c7c5,17 Mar 2023 19:53:04,C,Kurikulum 2013,30402696,Negeri,SD,Pemerintah Daerah,0,1979-07-14,,1910-01-01,Tidak ada,BPD KALTIMTARA...,BPD KALIMANTAN TIMUR DAN KALIMANTAN UTARA CABANG  MANSALO...,SDN008SEMBAKUNG/BOS...,Bersedia Menerima,Pagi,Belum Bersertifikat,PLN,900,Tidak Ada,butas bagu,0 / 0,Butas bagu,Butas Bagu,Kec. Sembakung,Kab. Nunukan,Prov. Kalimantan Utara,77453,3,116,6,6,0,0,0,0,0,2,0,0,5,3,1,0,4,2,6,3,9,9,9,3,3,4,6,5,0,0,0,0,0,0,0,0,0,0,0,0,0,0,3,8,1,63,37,26,6,6,1,1,0,0,0,0,0,0,1,1,0,0,0,0,1,1,0,0,0,0,0,0,0,0,0,0,0,0,1,1,,,,,,,,,,,,,,,,,,
340503,SMP NEGERI 1 SEMBAKUNG,https://dapo.kemdikbud.go.id/sekolah/82C6D950C815C6A89AF8,http://sekolah.data.kemdikbud.go.id/index.php/chome/profil/b01ad17e-30f5-e011-a607-3f87eec51f60,06 Mar 2023 08:13:39,B,Kurikulum 2013,30400538,Negeri,SMP,Pemerintah Pusat,30400538,1983-12-31,412/2016/DIKNAS 1983,1983-12-02,Tidak ada,BPD KALTIMTARA...,BPD KALIMANTAN TIMUR DAN KALIMANTAN UTARA CABANG MALINAU...,SMPN1SEMBAKUNG/BOSPUSAT...,Bersedia Menerima,Sehari penuh (5 h/m),Belum Bersertifikat,PLN,2200,Tidak Ada,Jl. Lapangan RT 8 Desa Atap Kecamatan Sembakung,1 / 0,Atap,Atap,Kec. Sembakung,Kab. Nunukan,Prov. Kalimantan Utara,77453,3,117,6,0,1,2,1,0,1,1,2,2,4,5,4,2,0,0,0,0,0,0,0,0,0,0,0,0,33,37,41,35,19,35,0,0,0,0,0,0,0,0,4,9,6,200,93,107,14,14,2,2,1,1,0,0,1,1,1,1,0,0,1,1,6,6,0,0,0,0,0,0,1,1,0,0,0,0,3,3,,,,,,,,,,,,,,,,,,
340503,SMP NEGERI 2 SEMBAKUNG,https://dapo.kemdikbud.go.id/sekolah/4EC55DB95E54AAACB18B,http://sekolah.data.kemdikbud.go.id/index.php/chome/profil/8061f30a-ec99-e111-955c-df080d27ad00,29 Mar 2023 13:20:22,Sertifikat Kedaluwarsa,Kurikulum 2013,30405238,Negeri,SMP,Pemerintah Daerah,0,1910-01-01,,1910-01-01,Tidak ada,BPD KALTIMTARA...,BPD KALIMANTAN TIMUR DAN KALIMANTAN UTARA CABANG NUNUKAN...,SMPN2SEMBAKUNG/BOSPUSAT...,Bersedia Menerima,Pagi,9001,Tenaga Surya,1000,Tidak Ada,Jl. Lapangan Galih Gaharu RT. 02,2 / 0,,Tepian,Kec. Sembakung,Kab. Nunukan,Prov. Kalimantan Utara,77453,3,117,3,0,1,2,1,0,1,1,1,1,0,5,3,1,0,0,0,0,0,0,0,0,0,0,0,0,10,7,8,4,5,13,0,0,0,0,0,0,0,0,5,5,4,47,23,24,3,3,1,1,0,0,0,0,1,1,1,1,0,0,0,0,1,1,1,1,0,0,0,0,0,0,0,0,0,0,1,2,,,,,,,,,,,,,,,,,,
340503,SMP NEGERI 3 SEMBAKUNG,https://dapo.kemdikbud.go.id/sekolah/37122C272034A60272C6,http://sekolah.data.kemdikbud.go.id/index.php/chome/profil/5043d17e-30f5-e011-bf5b-e314c6ee9ccb,28 Mar 2023 17:43:59,Sertifikat Kedaluwarsa,Kurikulum 2013,30405761,Negeri,SMP,Pemerintah Daerah,090/Disdik-IV/421/I/2022,2008-07-17,090/Disdik-IV/421/I/2022,1910-01-01,Tidak ada,BPD KALTIMTARA...,BPD KALIMANTAN TIMUR DAN KALIMANTAN UTARA CABANG SANUR TU...,SMPN5SEMBAKUNG/BOSPUSAT...,Bersedia Menerima,Sehari penuh (5 h/m),Belum Bersertifikat,Tenaga Surya,70,Lainnya,Jl. Lapangan RT.01,1 / 0,pelaju,Plaju,Kec. Sembakung,Kab. Nunukan,Prov. Kalimantan Utara,77453,3,117,3,0,1,1,1,0,1,1,1,1,2,3,1,0,0,0,0,0,0,0,0,0,0,0,0,0,1,4,4,7,3,2,0,0,0,0,0,0,0,0,9,5,1,21,8,13,3,3,1,1,0,0,0,0,0,0,0,0,0,0,0,0,1,1,0,0,0,0,0,0,0,0,0,0,0,0,4,5,,,,,,,,,,,,,,,,,,
340503,SMP NEGERI 4 SEMBAKUNG,https://dapo.kemdikbud.go.id/sekolah/AA4E5B36E85D3C639859,http://sekolah.data.kemdikbud.go.id/index.php/chome/profil/c034d17e-30f5-e011-aeee-1365f30900d6,11 Mar 2023 20:08:25,C,Kurikulum 2013,30405245,Negeri,SMP,Pemerintah Daerah,0,2007-07-16,,1910-01-01,Tidak ada,BPD,mansalong,SMPN 4 SEMBAKUNG,Bersedia Menerima,Pagi,Belum Bersertifikat,PLN & Diesel,0,Tidak Ada,Jl. Masjid An Nur,0 / 0,TAGUL,TAGUL,Kec. Sembakung,Kab. Nunukan,Prov. Kalimantan Utara,77453,3,117,3,0,1,1,1,0,1,1,1,1,7,3,2,0,0,0,0,0,0,0,0,0,0,0,0,0,4,1,4,4,7,4,0,0,0,0,0,0,0,0,6,10,2,24,15,9,3,3,0,0,0,0,0,0,1,1,0,0,0,0,0,0,0,0,0,0,0,0,0,0,0,0,0,0,0,0,4,4,,,,,,,,,,,,,,,,,,
340503,SMP NEGERI 5 SEMBAKUNG,https://dapo.kemdikbud.go.id/sekolah/AAC883F16BAB87D3A8D6,http://sekolah.data.kemdikbud.go.id/index.php/chome/profil/f0a9eea0-a6d4-e111-b102-5d71daf79752,17 Mar 2023 05:17:23,Sertifikat Kedaluwarsa,Kurikulum 2013,30405762,Negeri,SMP,Pemerintah Daerah,,1910-01-01,,1910-01-01,Tidak ada,BPD Kaltim,Mansalong,SMP 6 Sembakung,Bersedia Menerima,Pagi,Belum Bersertifikat,Tidak Ada,0,Tidak Ada,Jl. Lapangan Sepak Bola Ds. Pagar,2 / 0,Desa Pagar,Pagar,Kec. Sembakung,Kab. Nunukan,Prov. Kalimantan Utara,77153,3,117,3,0,1,1,2,0,1,1,2,1,6,2,2,0,0,0,0,0,0,0,0,0,0,0,0,0,4,8,6,2,5,5,0,0,0,0,0,0,0,0,4,8,2,30,15,15,3,3,0,0,0,0,0,0,0,0,1,1,0,0,0,0,3,3,0,0,0,0,0,0,0,0,0,0,0,0,1,1,,,,,,,,,,,,,,,,,,
340503,SMAN 1 SEMBAKUNG,https://dapo.kemdikbud.go.id/sekolah/5D731ED80E8FFA40B6CA,http://sekolah.data.kemdikbud.go.id/index.php/chome/profil/6336db23-3ede-4c3b-bd1f-ca2379990102,29 Mar 2023 21:47:12,A,Kurikulum 2013,30402813,Negeri,SMA,Pemerintah Daerah,,1910-01-01,,1910-01-01,Tidak ada,BPD KALTIMTARA...,BPD KALIMANTAN TIMUR DAN KALIMANTAN UTARA CABANG SANUR MA...,SMAN1SEMBAKUNG/BOSPUSAT...,Bersedia Menerima,Sehari penuh (5 h/m),Belum Bersertifikat,PLN,4400,Tidak Ada,JALAN PENDIDIKAN,10 / 0,Atap,Atap,Kec. Sembakung,Kab. Nunukan,Prov. Kalimantan Utara,77453,3,117,9,0,3,3,1,3,1,1,3,2,8,10,7,1,0,0,0,0,0,0,0,0,0,0,0,0,0,0,0,0,0,0,40,39,50,29,32,41,0,0,13,18,8,231,122,109,13,14,0,0,2,2,0,0,0,0,1,1,1,1,0,0,9,9,0,0,0,0,0,0,0,0,0,0,0,0,13,15,,,,,,,,,,,,,,,,,,
340503,SMK YPUPP,https://dapo.kemdikbud.go.id/sekolah/D33D068AEA72EE229359,http://sekolah.data.kemdikbud.go.id/index.php/chome/profil/349d8635-fad4-4415-8463-f410f925ccb1,22 Feb 2023 08:58:32,,Kurikulum 2013,70033370,Swasta,SMK,Yayasan,757/1/IPOP-SMK/DPMPTSP.III/VII/ 2022,2022-07-21,757/1/IPOP-SMK/DPMPTSP.III/VII/ 2022,2022-07-21,Tidak ada,,,,Bersedia Menerima,Sehari penuh (5 h/m),Belum Bersertifikat,Tenaga Surya,500,Tidak Ada,"Jl. Lapangan Abd. Hafiz RT. 01 Desa Pelaju Kec. Sembakung, Kab. Nunukan, Provins",/,Pelaju,Plaju,Kec. Sembakung,Kab. Nunukan,Prov. Kalimantan Utara,,0,0,3,0,1,1,1,1,1,1,1,1,2,1,1,0,0,0,0,0,0,0,0,0,0,0,0,0,0,0,0,0,0,0,2,1,2,0,6,4,0,0,6,3,1,15,10,5,3,3,0,0,0,0,0,0,0,0,0,0,0,0,0,0,1,1,0,0,0,0,0,0,0,0,0,0,0,0,0,4,,,,,,,,,,,,,,,,,,
